   (m, 360)

[1]: 2016/08/23     2.51  

           0     877830,00     347070,00   1690,00    "Disco"

           0           0   0.000    0.00    0.00  [1]    
           0               0.400  270.00    0.00  [1]    
           0               0.400   90.00    0.00  [1]    
           0           1   3.000    0.00  -90.00  [1]    
           1               0.500  324.00    0.00  [1]    
           1               0.500  144.00    0.00  [1]    
           1               3.000   54.00   90.00  [1]    
           1           2   5.000  108.00  -36.87  [1]    
           2               1.000  324.00    0.00  [1]    
           2               1.000  144.00    0.00  [1]    
           2               2.000   54.00   90.00  [1]    
           2           3  26.000    0.00  -90.00  [1]    
           3               2.000  328.50    0.00  [1]    
           3               4.000  148.50    0.00  [1]    
           3              28.000   58.50   90.00  [1]    
           3           4  14.000  117.00  -12.38  [1]    
           4               2.000   22.50    0.00  [1]    
           4               2.000  202.50    0.00  [1]    
           4              15.000  112.50   90.00  [1]    
           4           5  12.500  108.00    0.00  [1]    
           5               0.700    4.50    0.00  [1]    
           5               0.700  184.50    0.00  [1]    
           5               2.000   94.50   90.00  [1]    
           5           6   5.500   81.00   10.48  [1]    
           6               1.500    9.00    0.00  [1]    
           6               1.500  189.00    0.00  [1]    
           6               8.000   99.00   90.00  [1]    
           6           7   4.000  117.00    0.00  [1]    
           7               0.700  328.50    0.00  [1]    
           7               0.700  148.50    0.00  [1]    
           7               4.000   58.50   90.00  [1]    
           7           8   9.000    0.00  -90.00  [1]    
           8               1.000  324.00    0.00  [1]    
           8               3.000  144.00    0.00  [1]    
           8              13.000   54.00   90.00  [1]    
           8           9   6.000  108.00   -9.60  [1]    
           9               1.000    6.75    0.00  [1]    
           9               1.000  186.75    0.00  [1]    
           9              10.000   96.75   90.00  [1]    
           9          10   9.220   85.50  -40.60  [1]    
          10               0.600    0.00    0.00  [1]    
          10               0.600  180.00    0.00  [1]    
          10               2.000   90.00   90.00  [1]    
          10          11   8.540   94.50  -13.55  [1]    
          11               0.800  315.00    0.00  [1]    
          11               0.800  135.00    0.00  [1]    
          11               2.000   45.00   90.00  [1]    
          11          12   4.000  355.50    0.00  [1]    
          12               0.700  270.00    0.00  [1]    
          12               0.700   90.00    0.00  [1]    
          12               3.000    0.00   90.00  [1]    
          12          13   8.000    4.50   -7.18  [1]    
          13               2.000  276.75    0.00  [1]    
          13               2.000   96.75    0.00  [1]    
          13               3.000    6.75   90.00  [1]    
          13          14   4.000    9.00   -7.18  [1]    
          14               0.400  265.50    0.00  [1]    
          14               0.400   85.50    0.00  [1]    
          14               1.500  355.50   90.00  [1]    
          14          15   4.000  342.00   -7.18  [1]    
          15               0.400  294.75    0.00  [1]    
          15               0.400  114.75    0.00  [1]    
          15               1.600   24.75   90.00  [1]    
          15          16   3.000   67.50    0.00  [1]    
          16               0.600  303.75    0.00  [1]    
          16               0.600  123.75    0.00  [1]    
          16               1.600   33.75   90.00  [1]    
          16          17   2.000    0.00  -90.00  [1]    
          17               0.800  267.75    0.00  [1]    
          17               0.800   87.75    0.00  [1]    
          17               6.000  357.75   90.00  [1]    
          17          18   8.000  355.50   -7.18  [1]    
          18               0.400  240.75    0.00  [1]    
          18               0.400   60.75    0.00  [1]    
          18               1.500  330.75   90.00  [1]    
          18          19   2.000  306.00    0.00  [1]    
          19               0.400  249.75    0.00  [1]    
          19               0.400   69.75    0.00  [1]    
          19               1.500  339.75   90.00  [1]    
          19          20  11.000   13.50  -10.48  [1]    
          20               0.400  330.75    0.00  [1]    
          20               0.400  150.75    0.00  [1]    
          20               1.500   60.75   90.00  [1]    
          20          21   5.500  108.00  -10.48  [1]    
          21               0.300  324.00    0.00  [1]    
          21               0.300  144.00    0.00  [1]    
          21               2.000   54.00   90.00  [1]    
          21          22   2.000    0.00  -90.00  [1]    
          22               0.500  279.00    0.00  [1]    
          22               0.700   99.00    0.00  [1]    
          22               4.000    9.00   90.00  [1]    
          22          23   3.000   18.00    0.00  [1]    
          23               0.400  317.25    0.00  [1]    
          23               0.400  137.25    0.00  [1]    
          23               3.000   47.25   90.00  [1]    
          23          24   2.000   76.50    0.00  [1]    
          24               1.000    9.00    0.00  [1]    
          24               2.000  189.00    0.00  [1]    
          24               4.000   99.00   90.00  [1]    
          24         241   0.700  121.50    0.00  [1]    
         241               0.300   54.00    0.00  [1]    
         241               1.500  234.00    0.00  [1]    
         241               4.500  144.00   90.00  [1]    
         241        2411   6.000  166.50   66.45  [1]    
        2411               0.400   76.50    0.00  [1]    
        2411               0.400  256.50    0.00  [1]    
        2411               6.000  166.50   90.00  [1]    
          24          25  15.300  346.50   -3.75  [1]    
          25               0.300  306.00    0.00  [1]    
          25               0.300  126.00    0.00  [1]    
          25               1.800   36.00   90.00  [1]    
          25          26   3.500   85.50    0.00  [1]    
          26               0.300  312.75    0.00  [1]    
          26               0.300  132.75    0.00  [1]    
          26               1.800   42.75   90.00  [1]    
          26          27   5.500    0.00   -6.26  [1]    
          27               0.300  229.50    0.00  [1]    
          27               0.300   49.50    0.00  [1]    
          27               1.800  319.50   90.00  [1]    
          27          28   1.400  279.00    0.00  [1]    
          28               0.300  228.15    0.00  [1]    
          28               0.300   48.15    0.00  [1]    
          28               1.800  318.15   90.00  [1]    
          28          29   5.500  357.30   -6.26  [1]    
          29               0.300  291.15    0.00  [1]    
          29               0.300  111.15    0.00  [1]    
          29               1.800   21.15   90.00  [1]    
          29          30   1.400   45.00    0.00  [1]    
          30               0.300  252.00    0.00  [1]    
          30               0.300   72.00    0.00  [1]    
          30               1.800  342.00   90.00  [1]    
          30          31   3.000  279.00   -5.74  [1]    
          31               0.300  229.50    0.00  [1]    
          31               0.300   49.50    0.00  [1]    
          31               1.800  319.50   90.00  [1]    
          31          32   1.400    0.00    0.00  [1]    
          32               0.300  292.50    0.00  [1]    
          32               0.300  112.50    0.00  [1]    
          32               1.800   22.50   90.00  [1]    
          32          33   2.000   45.00    0.00  [1]    
          33               0.300  270.00    0.00  [1]    
          33               0.300   90.00    0.00  [1]    
          33               1.800    0.00   90.00  [1]    
          33          34   3.000  315.00   -5.74  [1]    
          34               1.000  249.75    0.00  [1]    
          34               1.000   69.75    0.00  [1]    
          34               1.800  339.75   90.00  [1]    
          34          35   7.000    4.50  -12.38  [1]    
          35               1.500  283.50    0.00  [1]    
          35               1.500  103.50    0.00  [1]    
          35               2.000   13.50   90.00  [1]    
          35          36  29.000   22.50   -7.93  [1]    
          36               2.000  290.70    0.00  [1]    
          36               2.000  110.70    0.00  [1]    
          36               2.000   20.70   90.00  [1]    
          36          37  11.000   18.90  -10.48  [1]    
          37               0.800  287.55    0.00  [1]    
          37               0.800  107.55    0.00  [1]    
          37               1.800   17.55   90.00  [1]    
          37          38   4.500   16.20   -6.38  [1]    
          38               0.300  242.10    0.00  [1]    
          38               0.300   62.10    0.00  [1]    
          38               1.800  332.10   90.00  [1]    
          38          39   1.400  288.00    0.00  [1]    
          39               0.300  236.25    0.00  [1]    
          39               0.300   56.25    0.00  [1]    
          39               1.800  326.25   90.00  [1]    
          39          40   4.000    4.50   -7.18  [1]    
          40               0.500  263.25    0.00  [1]    
          40               0.500   83.25    0.00  [1]    
          40               1.800  353.25   90.00  [1]    
          40          41   5.000  342.00  -11.54  [1]    
          41               0.300  279.00    0.00  [1]    
          41               0.300   99.00    0.00  [1]    
          41               1.800    9.00   90.00  [1]    
          41          42   3.000   36.00   -5.74  [1]    
          42               0.300  288.00    0.00  [1]    
          42               0.300  108.00    0.00  [1]    
          42               1.800   18.00   90.00  [1]    
          42          43   3.000    0.00  -90.00  [1]    
          43               0.700  306.00    0.00  [1]    
          43               0.700  126.00    0.00  [1]    
          43               4.800   36.00   90.00  [1]    
          43          44   4.000   72.00   -4.30  [1]    
          44               1.000  306.00    0.00  [1]    
          44               1.000  126.00    0.00  [1]    
          44               2.000   36.00   90.00  [1]    
          44          45   6.500    0.00   -8.85  [1]    
          45               0.300  252.00    0.00  [1]    
          45               0.300   72.00    0.00  [1]    
          45               1.800  342.00   90.00  [1]    
          45          46   1.400  324.00    0.00  [1]    
          46               0.300  252.00    0.00  [1]    
          46               0.300   72.00    0.00  [1]    
          46               1.800  342.00   90.00  [1]    
          46          47   6.500    0.00   -8.85  [1]    
          47               1.000  288.00    0.00  [1]    
          47               1.000  108.00    0.00  [1]    
          47               1.800   18.00   90.00  [1]    
          47          48   2.500   36.00    0.00  [1]    
          48               1.500  288.00    0.00  [1]    
          48               1.500  108.00    0.00  [1]    
          48               2.000   18.00   90.00  [1]    
          48          49   3.000    0.00  -90.00  [1]    
          49               2.000  288.00    0.00  [1]    
          49               2.000  108.00    0.00  [1]    
          49               5.000   18.00   90.00  [1]    
          49          50   4.000   36.00    0.00  [1]    
          50               1.000  279.00    0.00  [1]    
          50               1.000   99.00    0.00  [1]    
          50               2.500    9.00   90.00  [1]    
          50          51  12.900  342.00  -13.45  [1]    
          51               1.500  261.00    0.00  [1]    
          51               3.000   81.00    0.00  [1]    
          51               5.000  351.00   90.00  [1]    
          51          52  15.000    0.00  -90.00  [1]    
          52               2.000  263.25    0.00  [1]    
          52               2.000   83.25    0.00  [1]    
          52              20.000  353.25   90.00  [1]    
          52          53  11.400  346.50  -11.38  [1]    
          53               0.800  263.25    0.00  [1]    
          53               0.800   83.25    0.00  [1]    
          53               6.000  353.25   90.00  [1]    
          53          54   4.000    0.00  -90.00  [1]    
          54               0.800  261.00    0.00  [1]    
          54               0.800   81.00    0.00  [1]    
          54              10.000  351.00   90.00  [1]    
          54          55   3.200  342.00  -25.94  [1]    
          55               0.600  274.50    0.00  [1]    
          55               0.600   94.50    0.00  [1]    
          55               2.000    4.50   90.00  [1]    
          55          56   2.000   27.00   -2.87  [1]    
          56               0.500  272.25    0.00  [1]    
          56               0.500   92.25    0.00  [1]    
          56               2.000    2.25   90.00  [1]    
          56          57   3.500  337.50   -1.64  [1]    
          57               0.400  227.25    0.00  [1]    
          57               0.400   47.25    0.00  [1]    
          57               1.700  317.25   90.00  [1]    
          57          58   2.000  297.00   -2.87  [1]    
          58               0.400  249.75    0.00  [1]    
          58               0.400   69.75    0.00  [1]    
          58               1.500  339.75   90.00  [1]    
          58          59   7.300   22.50  -15.90  [1]    
          59               0.700  285.75    0.00  [1]    
          59               0.700  105.75    0.00  [1]    
          59               3.000   15.75   90.00  [1]    
          59          60   8.700    9.00  -13.29  [1]    
          60               0.700  306.00    0.00  [1]    
          60               0.700  126.00    0.00  [1]    
          60               3.000   36.00   90.00  [1]    
          60          61   7.600   63.00  -15.26  [1]    
          61               0.800  294.75    0.00  [1]    
          61               0.800  114.75    0.00  [1]    
          61               3.000   24.75   90.00  [1]    
          61          62   6.500  346.50  -13.34  [1]    
          62               0.400  272.25    0.00  [1]    
          62               0.400   92.25    0.00  [1]    
          62               3.000    2.25   90.00  [1]    
          62          63   3.000   18.00  -13.49  [1]    
          63               0.300  247.50    0.00  [1]    
          63               0.300   67.50    0.00  [1]    
          63               3.000  337.50   90.00  [1]    
          63          64   2.000  297.00    0.00  [1]    
          64               0.400  216.00    0.00  [1]    
          64               0.400   36.00    0.00  [1]    
          64               3.000  306.00   90.00  [1]    
          64          65   5.000  315.00  -11.54  [1]    
          65               0.700  261.00    0.00  [1]    
          65               0.700   81.00    0.00  [1]    
          65               3.000  351.00   90.00  [1]    
          65          66   7.300   27.00  -15.90  [1]    
          66               0.300  285.75    0.00  [1]    
          66               0.300  105.75    0.00  [1]    
          66               1.500   15.75   90.00  [1]    
          66          67   6.000    4.50   -7.66  [1]    
          67               0.400  294.75    0.00  [1]    
          67               0.400  114.75    0.00  [1]    
          67               1.400   24.75   90.00  [1]    
          67          68   2.800   45.00    0.00  [1]    
          68               0.500  279.00    0.00  [1]    
          68               0.500   99.00    0.00  [1]    
          68               1.300    9.00   90.00  [1]    
          68          69   3.500  333.00    0.00  [1]    
          69               0.800  256.50    0.00  [1]    
          69               0.800   76.50    0.00  [1]    
          69               1.300  346.50   90.00  [1]    
          69          70  10.000    0.00  -90.00  [1]    
          70               1.400  247.50    0.00  [1]    
          70               1.400   67.50    0.00  [1]    
          70              11.300  337.50   90.00  [1]    
          70          71   3.000  315.00    0.00  [1]    
          71               1.400  247.50    0.00  [1]    
          71               1.400   67.50    0.00  [1]    
          71              11.300  337.50   90.00  [1]    
          71          72   6.000    0.00  -90.00  [1]    
          72               1.600  229.50    0.00  [1]    
          72               1.600   49.50    0.00  [1]    
          72              17.300  319.50   90.00  [1]    
          72          73   2.000  279.00    0.00  [1]    
          73               1.600  209.25    0.00  [1]    
          73               1.600   29.25    0.00  [1]    
          73              17.300  299.25   90.00  [1]    
          73          74   5.800  319.50   -9.93  [1]    
          74               0.500  222.75    0.00  [1]    
          74               0.500   42.75    0.00  [1]    
          74               5.000  312.75   90.00  [1]    
          74          75  14.500  306.00    0.00  [1]    
          75               0.200  274.50    0.00  [1]    
          75               0.200   94.50    0.00  [1]    
          75               4.000    4.50   90.00  [1]    
          75          76   2.300   63.00  -25.77  [1]    
          76               0.400  310.50    0.00  [1]    
          76               0.400  130.50    0.00  [1]    
          76               4.000   40.50   90.00  [1]    
          76          77   1.400   18.00    0.00  [1]    
          77               0.400  310.50    0.00  [1]    
          77               0.400  130.50    0.00  [1]    
          77               4.000   40.50   90.00  [1]    
          77          78   3.100   63.00  -18.82  [1]    
          78               0.400  279.00    0.00  [1]    
          78               0.400   99.00    0.00  [1]    
          78               3.500    9.00   90.00  [1]    
          78          79   7.300  315.00  -15.90  [1]    
          79               0.400  254.25    0.00  [1]    
          79               0.400   74.25    0.00  [1]    
          79               3.500  344.25   90.00  [1]    
          79          80   2.000   13.50    0.00  [1]    
          80               0.400  263.25    0.00  [1]    
          80               0.400   83.25    0.00  [1]    
          80               3.000  353.25   90.00  [1]    
          80          81   2.800  333.00  -12.38  [1]    
          81               0.400  272.25    0.00  [1]    
          81               0.400   92.25    0.00  [1]    
          81               3.000    2.25   90.00  [1]    
          81          82   5.000   31.50  -11.54  [1]    
          82               0.400  339.75    0.00  [1]    
          82               0.400  159.75    0.00  [1]    
          82               2.000   69.75   90.00  [1]    
          82          83  12.500  108.00   -4.59  [1]    
          83               0.400  346.50    0.00  [1]    
          83               0.400  166.50    0.00  [1]    
          83               2.000   76.50   90.00  [1]    
          83          84   3.500   45.00    0.00  [1]    
          84               0.600  292.50    0.00  [1]    
          84               0.600  112.50    0.00  [1]    
          84               2.200   22.50   90.00  [1]    
          84          85  23.000    0.00  -90.00  [1]    
          85               1.000  315.00    0.00  [1]    
          85               1.000  135.00    0.00  [1]    
          85              25.200   45.00   90.00  [1]    
          85          86   5.300   90.00    0.00  [1]    
          86               1.500  315.00    0.00  [1]    
          86               1.500  135.00    0.00  [1]    
          86               8.000   45.00   90.00  [1]    
          86          87   5.000    0.00  -90.00  [1]    
          87               0.700  342.00    0.00  [1]    
          87               0.700  162.00    0.00  [1]    
          87              13.000   72.00   90.00  [1]    
          87          88   4.200  144.00    0.00  [1]    
          88               1.000   33.75    0.00  [1]    
          88               1.000  213.75    0.00  [1]    
          88               8.000  123.75   90.00  [1]    
          88          89   5.000  103.50    0.00  [1]    
          89               0.500   38.25    0.00  [1]    
          89               0.500  218.25    0.00  [1]    
          89               1.200  128.25   90.00  [1]    
          89          90   4.900  153.00    0.00  [1]    
          90               0.400   36.00    0.00  [1]    
          90               0.400  216.00    0.00  [1]    
          90               1.200  126.00   90.00  [1]    
          90          91   3.500   99.00    0.00  [1]    
          91               0.400   33.75    0.00  [1]    
          91               0.400  213.75    0.00  [1]    
          91               1.200  123.75   90.00  [1]    
          91          92   2.800  148.50    0.00  [1]    
          92               0.200   58.50    0.00  [1]    
          92               0.200  238.50    0.00  [1]    
          92               0.400  148.50   90.00  [1]    
          89          93   4.000    0.00  -90.00  [1]    
          93               0.500  315.00    0.00  [1]    
          93               0.500  135.00    0.00  [1]    
          93               5.200   45.00   90.00  [1]    
          93          94   6.300   90.00   -9.14  [1]    
          94               0.700   11.25    0.00  [1]    
          94               0.700  191.25    0.00  [1]    
          94               3.000  101.25   90.00  [1]    
          94          95   4.200  112.50   -7.53  [1]    
          95               0.500  326.25    0.00  [1]    
          95               0.500  146.25    0.00  [1]    
          95               2.000   56.25   90.00  [1]    
          95          96   5.000    0.00  -90.00  [1]    
          96               1.000  267.75    0.00  [1]    
          96               1.000   87.75    0.00  [1]    
          96               7.000  357.75   90.00  [1]    
          96          97   4.000  355.50    0.00  [1]    
          97               0.200  265.50    0.00  [1]    
          97               0.200   85.50    0.00  [1]    
          97               0.400  355.50   90.00  [1]    
          51         511   0.010   72.00    0.00  [1]    
         511               6.000  342.00    0.00  [1]    
         511               6.000  162.00    0.00  [1]    
         511               5.000   72.00   90.00  [1]    
         511          98  10.000   72.00   17.46  [1]    
          98               0.300  330.75    0.00  [1]    
          98               0.300  150.75    0.00  [1]    
          98               2.500   60.75   90.00  [1]    
          98          99   3.500   49.50   16.60  [1]    
          99               0.250  333.00    0.00  [1]    
          99               0.250  153.00    0.00  [1]    
          99               2.500   63.00   90.00  [1]    
          99         100   2.700   76.50    0.00  [1]    
         100               0.400  333.00    0.00  [1]    
         100               0.400  153.00    0.00  [1]    
         100               2.500   63.00   90.00  [1]    
         100         101   3.500   49.50   16.60  [1]    
         101               0.500  342.00    0.00  [1]    
         101               0.500  162.00    0.00  [1]    
         101               2.300   72.00   90.00  [1]    
         101         102   5.700   94.50   18.41  [1]    
         102               0.500   47.25    0.00  [1]    
         102               0.500  227.25    0.00  [1]    
         102               2.000  137.25   90.00  [1]    
         102         103   4.100  180.00    0.00  [1]    
         103               0.500   47.25    0.00  [1]    
         103               0.500  227.25    0.00  [1]    
         103               2.000  137.25   90.00  [1]    
         103         104   2.700   94.50    0.00  [1]    
         104               0.500    4.50    0.00  [1]    
         104               0.500  184.50    0.00  [1]    
         104               2.000   94.50   90.00  [1]    
         104        1041   0.010   94.50    0.00  [1]    
        1041               0.200    4.50    0.00  [1]    
        1041               0.200  184.50    0.00  [1]    
        1041               2.000   94.50   90.00  [1]    
        1041         105   2.000   94.50    0.00  [1]    
         105               0.200    4.50    0.00  [1]    
         105               0.200  184.50    0.00  [1]    
         105               1.000   94.50   90.00  [1]    
         104       10411   0.010  184.50    0.00  [1]    
       10411               0.500   94.50    0.00  [1]    
       10411               0.500  274.50    0.00  [1]    
       10411               2.000  184.50   90.00  [1]    
       10411         106   6.100  184.50    0.00  [1]    
         106               0.400  119.25    0.00  [1]    
         106               0.400  299.25    0.00  [1]    
         106               1.800  209.25   90.00  [1]    
         106         107   2.000  234.00    0.00  [1]    
         107               0.200  144.00    0.00  [1]    
         107               0.200  324.00    0.00  [1]    
         107               1.000  234.00   90.00  [1]    
         106        1061   0.010  126.00    0.00  [1]    
        1061               0.400   36.00    0.00  [1]    
        1061               0.400  216.00    0.00  [1]    
        1061               1.800  126.00   90.00  [1]    
        1061         108   8.150  126.00    0.00  [1]    
         108               0.600   76.50    0.00  [1]    
         108               0.600  256.50    0.00  [1]    
         108               1.800  166.50   90.00  [1]    
         108         109   4.800  207.00    0.00  [1]    
         109               1.500  117.00    0.00  [1]    
         109               0.200  297.00    0.00  [1]    
         109               1.800  207.00   90.00  [1]    
         109        1091   0.010  207.00    0.00  [1]    
        1091               0.200  130.50    0.00  [1]    
        1091               0.200  310.50    0.00  [1]    
        1091               1.800  220.50   90.00  [1]    
        1091         110   1.500  234.00    0.00  [1]    
         110               0.200  144.00    0.00  [1]    
         110               0.200  324.00    0.00  [1]    
         110               1.000  234.00   90.00  [1]    
         109         111   4.100   90.00    0.00  [1]    
         111               1.000    0.00    0.00  [1]    
         111               0.700  180.00    0.00  [1]    
         111               1.800   90.00   90.00  [1]    
         111        1111   0.010   90.00    0.00  [1]    
        1111               0.200    4.50    0.00  [1]    
        1111               0.200  184.50    0.00  [1]    
        1111               1.800   94.50   90.00  [1]    
        1111         112   1.500   99.00    0.00  [1]    
         112               0.150    9.00    0.00  [1]    
         112               0.150  189.00    0.00  [1]    
         112               1.000   99.00   90.00  [1]    
         108         113   3.400   27.00    0.00  [1]    
         113               0.400  328.50    0.00  [1]    
         113               0.400  148.50    0.00  [1]    
         113               3.000   58.50   90.00  [1]    
         113         114   4.500   90.00   26.39  [1]    
         114               0.200    0.00    0.00  [1]    
         114               0.200  180.00    0.00  [1]    
         114               5.000   90.00   90.00  [1]    
